20 20
0
0
6
1 1
1 1
1 1 1 1
1 1 1 1
1 1 1 1
2 4 2
1 1 1 1
1 1 1 1
1 1 2 1 1
1 1 2 1 1
3 1 1 1
3 3
5 1 1 5
3 8 3
0
0
0
2 2
1 1 2
1 1 2
1 3
3 1 3
1 1 1
1 1 2
1 1 2 1
1 1 1 1 1
1 1 2 1
1 1 2 1
1 1 1 1 1
1 1 2 1
1 1 2
1 1 1
3 1 2
1 2
1 1 2
1 1 2
2 2
00000000000000000000
00000000000000000000
00000001111110000000
00000010000001000000
00000100000000100000
00001000100100010000
00001010000001010000
00001001000010010000
00110000111100001100
01001000000000010010
10000100000000100001
10000001011010000001
01000001011010000010
00111000100100000100
00011100000000111000
11111010000001011111
11100011111111000111
00000000000000000000
00000000000000000000
00000000000000000000